383.529 973.531 749.562
613.026 159.763 159.738
59.478 886.964 615.542
725.066 21.079 993.188
852.421 217.435 186.189
187.806 311.544 537.351
442.312 298.219 626.537
142.842 299.156 375.155
467.016 804.020 204.466
526.576 606.633 47.565
622.126 174.617 66.613
971.659 988.807 827.799
311.924 100.016 700.655
450.716 124.967 507.061
35.214 931.144 264.991
678.423 319.192 532.550
559.831 189.291 992.855
793.736 962.047 916.303
612.250 943.999 90.616
200.686 46.313 333.138
398.006 277.861 848.627
365.315 287.677 555.721
144.306 821.450 76.340
1010.572 790.779 203.485
5.655 835.033 723.822
746.503 789.781 75.822
367.069 118.650 883.818
638.257 338.840 65.084
318.446 332.988 747.117
652.859 908.506 483.548
122.465 730.363 779.044
574.748 789.470 505.647
535.278 437.802 26.029
110.481 32.183 651.684
321.901 520.776 929.348
255.275 420.232 773.684
234.289 78.827 296.705
165.091 952.010 827.515
648.605 892.376 822.960
191.048 913.980 552.286
826.819 917.597 325.636
112.693 233.406 437.358
837.647 881.388 7.119
523.005 427.429 227.438
122.742 345.718 965.540
330.960 531.242 719.891
372.357 995.105 985.546
257.825 509.182 308.099
291.677 37.772 624.194
514.743 52.714 285.334
930.064 245.311 148.372
501.200 1009.306 247.865
688.267 779.898 243.341
745.694 376.610 647.481
648.734 548.633 92.457
855.350 328.479 190.995
41.754 605.074 693.826
16.986 524.383 231.932
660.657 178.551 707.520
396.017 959.212 140.821
349.252 116.197 946.886
898.395 264.132 675.824
836.836 568.526 542.362
247.657 95.337 918.749
922.028 648.296 347.167
357.591 743.379 918.641
908.376 798.593 657.440
86.159 165.508 920.119
620.983 9.418 103.907
679.426 5.183 164.667
561.903 708.501 667.608
229.652 729.272 242.943
333.209 764.407 665.224
869.605 673.396 581.948
95.923 376.541 271.567
249.845 996.363 402.532
913.456 646.286 813.887
514.700 590.750 504.338
199.929 739.791 287.511
24.900 660.964 181.361
963.030 976.823 936.821
379.043 15.828 950.598
438.461 989.855 986.747
873.482 301.516 394.340
871.564 324.528 173.561
570.164 958.622 712.735
583.743 99.509 629.767
1013.815 143.446 530.770
898.430 758.547 713.744
719.344 368.119 300.638
828.786 829.556 887.882
935.158 523.615 513.553
817.454 665.563 718.814
814.892 911.365 346.107
384.597 96.238 592.159
36.805 476.772 555.668
293.418 605.013 31.232
38.245 842.343 368.835
130.110 534.777 788.473
221.001 637.840 87.396
52.922 544.107 553.610
652.728 743.518 999.273
528.692 330.707 814.271
277.332 449.507 80.339
25.959 985.752 856.044
712.678 418.768 177.453
160.192 256.249 562.408
731.746 676.042 286.652
977.782 755.606 567.659
626.402 429.670 253.677
364.516 776.034 14.739
118.858 47.107 41.706
875.992 720.546 485.554
100.182 503.415 484.835
177.359 444.264 408.069
630.631 650.336 46.391
383.603 640.881 515.212
877.046 674.502 166.845
72.262 657.837 27.148
599.834 962.796 589.286
397.486 658.727 469.251
558.712 964.060 395.369
984.259 927.079 200.490
71.026 103.197 18.659
96.710 699.399 72.897
326.631 865.152 23.830
834.016 288.619 121.001
713.459 644.037 898.531
752.713 822.764 288.803
181.698 768.630 826.199
1014.277 422.521 380.947
795.047 348.983 953.096
879.015 439.290 768.892
772.652 105.599 924.214
517.378 846.292 327.731
917.016 398.543 11.098
927.111 93.478 326.977
972.863 973.422 587.200
647.001 459.208 300.248
336.552 688.659 770.432
810.577 808.569 93.395
506.286 58.940 562.718
452.127 909.009 359.337
119.877 146.423 779.787
633.055 103.550 86.125
717.792 74.509 841.585
723.192 83.301 86.874
1010.319 383.253 379.538
832.307 969.983 1009.665
771.459 385.290 85.505
795.798 571.806 434.403
928.107 113.866 504.448
11.626 479.908 57.655
121.670 120.347 664.791
763.950 597.370 985.265
383.867 292.569 889.446
228.962 986.340 12.446
993.156 44.196 912.531
540.366 1016.796 75.568
567.147 992.566 535.652
644.504 712.447 465.450
642.619 598.338 922.786
46.537 287.706 973.221
911.630 466.593 635.016
284.038 192.636 474.827
361.833 597.664 79.600
997.780 1009.880 714.918
548.963 316.956 833.326
701.165 166.520 932.789
842.278 972.595 743.137
628.137 428.281 955.114
886.849 46.304 27.000
385.498 830.007 1010.971
154.027 608.390 390.032
993.192 862.330 858.449
479.942 424.775 279.969
57.729 885.476 832.411
1023.711 1020.556 568.762
787.443 967.440 870.039
253.284 461.357 132.259
976.948 620.723 234.130
687.822 632.963 366.759
116.283 687.691 532.795
790.854 532.647 872.634
565.153 574.400 897.693
413.166 137.232 29.473
773.261 635.197 720.978
218.075 139.644 14.894
359.002 604.076 401.658
447.974 925.859 356.614
526.325 802.461 406.060
637.017 883.060 972.309
150.603 948.826 503.927
264.442 470.155 1003.553
504.441 336.642 648.602
245.909 77.684 131.973
131.119 155.548 142.159
656.256 186.245 353.963
918.311 485.337 683.579
176.456 196.904 41.849
172.990 285.277 181.259
90.831 123.531 471.837
211.286 373.012 515.499
706.964 40.256 818.596
642.970 83.721 894.545
942.973 62.544 283.523
825.550 766.218 188.950
214.374 379.363 496.152
633.093 377.768 473.636
765.410 37.564 258.495
730.470 916.692 523.958
544.884 109.744 458.150
545.400 248.290 275.705
386.339 20.553 329.809
216.523 335.357 122.636
911.900 607.839 695.401
808.111 510.405 89.006
549.997 600.925 763.330
442.019 130.642 290.587
371.796 661.419 584.477
364.643 1010.192 620.313
242.920 104.225 156.528
251.861 164.538 191.045
291.937 177.535 918.288
82.159 537.100 420.246
1005.956 114.728 407.404
992.738 886.279 836.682
264.092 174.989 684.691
951.681 570.125 585.331
286.699 787.961 191.533
331.448 435.647 519.793
248.228 117.593 625.275
295.558 595.188 158.067
492.687 545.372 53.067
344.683 137.641 64.896
1013.719 330.090 829.311
260.752 697.859 778.473
609.934 482.894 421.725
357.241 951.838 850.554
988.188 127.280 748.408
960.861 185.583 68.092
758.908 588.260 862.033
143.127 814.354 206.466
167.584 168.208 834.125
681.162 535.619 367.442
898.253 401.864 836.198
449.674 385.991 473.784
308.611 765.552 514.786
237.786 921.164 393.105
556.598 928.227 639.220
119.704 962.388 642.773
342.943 142.615 813.082
634.955 546.264 915.346
807.524 155.315 319.203
254.453 761.801 34.337
583.567 780.758 897.808
350.292 840.967 113.287
866.767 130.548 406.822
816.430 153.515 234.753
739.587 737.317 656.535
710.603 555.750 257.842
353.993 185.956 930.253
597.393 410.472 473.094
970.018 157.032 600.299
518.030 626.129 18.545
893.055 954.489 578.696
713.370 944.639 724.212
156.200 590.119 621.276
434.310 754.119 956.792
947.782 461.660 115.956
1008.477 859.032 127.655
942.942 890.774 531.290
605.466 408.579 56.076
343.242 822.122 4.743
341.503 407.725 550.293
941.932 354.658 355.280
755.201 463.071 229.995
463.298 144.238 180.620
510.329 428.980 936.802
371.091 594.522 647.439
13.409 679.462 182.309
984.136 152.231 424.575
87.398 1020.799 514.248
609.674 68.686 767.960
214.943 919.608 210.063
195.264 37.427 483.397
578.397 67.286 794.140
464.168 536.976 451.341
410.381 573.072 158.966
186.294 882.468 968.822
382.269 277.243 659.456
418.544 25.996 159.900
733.156 674.738 27.746
227.299 236.621 688.018
20.184 106.607 819.114
182.830 668.412 243.899
101.828 249.008 739.601
876.233 850.145 406.716
684.119 209.904 300.183
917.848 13.314 87.561
212.876 27.169 185.790
597.035 431.539 914.096
837.062 350.021 265.650
388.805 604.462 274.497
639.128 419.238 565.296
446.594 301.533 971.216
781.932 143.476 889.311
499.130 916.021 819.052
435.419 23.009 275.126
554.633 648.682 264.077
142.701 854.969 1008.028
538.307 175.800 278.843
18.832 936.242 120.577
590.353 280.633 567.478
667.054 849.656 211.375
11.260 140.171 921.619
894.863 611.751 614.929
680.998 179.580 936.358
428.821 392.334 531.372
48.093 170.274 755.746
84.786 617.628 251.237
398.639 295.622 364.209
736.303 304.253 579.998
487.476 679.599 959.314
750.154 220.099 31.932
268.558 609.360 52.660
508.279 611.167 342.266
789.414 109.157 76.941
745.665 507.383 704.924
445.263 252.316 838.761
818.602 711.369 278.677
604.396 369.637 93.780
939.329 140.102 973.043
456.710 189.576 554.907
893.897 749.798 825.919
674.594 708.891 869.576
255.660 501.171 226.518
1011.372 966.717 40.373
722.509 947.454 184.909
581.576 937.460 34.761
714.158 304.485 946.582
994.364 966.929 485.595
882.732 864.819 326.759
848.809 37.896 610.580
235.529 123.460 78.800
713.000 348.032 742.161
66.925 322.857 552.439
809.701 326.403 640.913
907.241 630.644 238.551
24.986 890.981 21.780
895.695 541.632 961.605
817.954 1021.885 359.129
785.601 411.577 491.393
642.566 894.645 1007.701
786.712 427.793 431.470
755.284 244.508 113.125
363.133 294.133 303.420
239.214 43.103 18.303
1011.428 438.040 393.550
695.959 223.492 972.760
805.217 91.557 427.603
900.217 967.406 478.619
628.133 171.043 1014.957
237.232 965.357 665.238
622.322 524.993 236.206
180.765 225.778 190.913
798.295 358.528 59.231
992.361 904.997 950.018
1018.786 178.069 405.752
776.436 712.725 157.589
835.413 229.827 229.189
549.862 607.170 594.008
93.683 898.520 271.974
132.623 910.078 978.587
882.819 828.944 670.968
564.078 89.074 418.256
381.633 265.988 740.782
507.777 82.991 225.468
699.657 77.958 871.636
507.030 492.121 606.626
844.473 356.157 694.289
579.310 273.437 899.717
816.564 674.255 870.996
888.109 725.364 857.102
714.211 696.464 633.458
770.782 162.412 902.012
892.768 29.949 845.636
131.963 343.162 761.352
164.618 837.598 852.105
519.647 6.539 293.927
631.733 1004.735 646.977
266.039 649.222 552.945
798.562 109.548 779.293
554.257 986.104 350.077
647.805 954.397 104.970
959.722 704.395 69.465
308.187 725.168 68.967
596.143 354.184 635.817
46.840 892.454 996.853
992.131 767.643 133.208
776.462 25.177 22.655
331.377 500.371 788.897
699.694 456.604 280.194
1021.055 436.410 462.220
167.551 813.885 710.331
226.068 84.358 696.831
670.219 279.818 973.684
154.683 442.711 966.263
429.801 653.851 407.137
280.796 1007.593 419.158
915.558 235.474 218.219
31.881 667.307 377.371
885.103 484.567 991.430
189.978 889.470 795.235
789.424 865.058 779.289
641.250 134.395 33.307
942.948 631.450 815.654
493.079 120.124 128.190
702.019 440.633 205.337
503.393 65.750 595.939
275.449 816.701 317.811
466.145 11.899 74.186
401.913 491.457 614.421
298.662 711.661 880.765
798.567 40.570 492.039
107.449 247.854 1010.342
145.915 510.861 632.991
719.324 573.080 10.005
334.296 530.137 89.975
359.042 34.000 80.464
406.449 135.901 581.162
706.012 819.801 204.954
171.502 107.077 651.705
723.431 32.344 958.681
53.219 554.287 726.078
891.872 731.225 820.970
347.597 834.381 82.038
916.292 560.735 836.913
463.174 659.024 539.036
749.148 83.589 61.801
253.034 163.374 892.706
224.475 999.286 344.981
186.489 808.651 674.517
510.152 568.692 736.463
233.938 1020.246 998.188
665.934 204.331 696.554
73.931 31.388 263.867
473.726 889.111 744.621
760.531 435.705 354.237
379.944 1011.353 41.072
887.840 592.564 449.142
742.664 498.349 894.385
922.319 431.842 283.472
606.567 934.260 215.718
637.918 646.718 750.708
134.725 733.005 930.849
183.996 243.244 994.709
185.320 874.890 504.093
253.165 891.648 455.993
527.173 367.855 607.182
167.448 400.467 992.678
264.329 672.498 332.995
792.036 134.015 993.097
464.680 241.716 75.261
173.832 532.249 345.091
848.777 441.229 254.683
631.956 723.740 171.051
171.642 37.552 754.076
679.736 486.022 864.431
825.006 599.403 889.110
210.781 114.606 276.224
58.457 543.918 959.084
40.288 125.041 463.052
956.288 323.744 519.408
42.571 151.903 1010.309
988.282 5.059 974.655
654.459 888.748 465.654
527.970 500.579 682.869
143.003 30.693 315.320
721.593 206.698 689.595
993.190 96.154 688.745
454.400 888.978 181.401
709.249 858.230 967.285
699.646 509.107 632.676
889.759 584.304 31.116
953.291 706.075 692.750
220.851 674.699 403.317
666.863 109.151 673.634
1023.400 49.369 1000.626
416.674 891.652 801.163
580.625 756.172 899.600
413.840 334.882 683.616
827.234 780.580 816.961
446.037 837.462 123.094
557.557 5.897 332.376
375.257 405.681 712.158
397.883 459.462 243.245
382.210 232.724 74.953
617.931 684.250 634.358
474.618 388.901 884.054
531.540 490.682 26.257
349.438 389.320 408.395
594.097 546.409 622.495
783.240 832.497 735.358
978.456 18.670 200.477
7.744 663.014 919.583
249.326 949.283 61.714
956.862 360.062 103.855
497.533 262.939 291.710
314.665 822.299 552.101
318.779 624.982 733.338
279.167 423.474 124.811
185.497 697.465 185.793
537.767 726.063 109.442
580.928 262.720 986.037
495.151 825.336 563.432
44.454 648.347 974.237
616.051 838.849 905.427
233.554 217.134 625.645
420.893 860.018 921.624
361.903 242.555 799.258
281.401 842.357 433.908
683.571 97.828 638.832
462.610 600.687 172.047
754.559 883.504 221.942
98.012 24.206 657.379
621.664 559.818 237.514
400.288 608.744 508.689
1011.492 139.714 711.828
414.022 438.476 734.820
709.055 1015.046 131.476
106.608 741.723 592.268
280.741 81.325 87.714
915.651 196.472 331.132
232.096 363.516 71.090
531.517 69.235 819.565
239.321 552.972 901.201
666.498 545.749 332.118
340.994 685.555 1017.999
677.723 571.170 748.186
476.371 61.586 575.792
980.608 179.510 706.565
205.756 548.688 98.997
461.180 774.311 355.913
680.870 814.541 949.430
240.273 408.899 156.074
1016.303 949.249 552.916
862.242 533.461 638.552
91.263 773.397 130.779
845.893 800.797 725.755
37.028 310.403 269.427
368.780 89.746 959.445
567.093 312.857 406.509
457.935 615.009 528.056
941.457 508.891 1015.970
871.859 213.515 952.929
119.159 837.069 389.758
899.046 888.890 825.268
808.991 311.991 82.861
412.652 177.689 711.630
354.406 999.025 656.355
842.220 135.705 882.703
944.903 498.751 620.803
783.165 179.035 514.628
408.231 149.887 376.355
69.808 26.431 138.410
986.230 562.718 989.002
442.878 319.300 518.289
450.060 108.201 656.206
221.223 634.458 665.806
155.673 62.822 799.500
470.836 59.560 1018.743
59.167 711.716 1007.287
244.920 145.663 124.298
310.554 103.471 708.773
63.787 521.648 1020.618
833.506 629.985 313.604
638.869 539.690 436.309
133.847 907.883 460.579
199.293 376.586 424.069
847.399 751.221 787.768
11.296 426.142 492.896
19.653 266.049 778.537
140.400 548.158 220.367
12.412 246.990 999.295
820.774 982.606 499.563
112.370 561.111 465.282
864.622 100.437 499.959
153.650 332.468 755.054
487.443 384.910 403.944
470.473 803.857 913.495
978.263 805.789 322.977
704.650 448.106 260.783
861.052 39.349 923.404
472.553 652.494 675.178
916.601 651.950 628.668
68.252 530.850 153.773
755.132 524.515 696.553
42.673 86.827 733.515
73.814 72.967 12.399
979.457 755.209 361.729
303.652 358.096 793.245
677.244 189.640 178.288
100.757 676.150 782.718
271.408 21.448 84.144
991.089 302.535 787.685
639.655 391.106 210.624
124.300 629.773 793.225
659.358 543.029 42.958
991.733 817.883 299.850
1003.490 616.327 596.401
766.027 831.252 672.234
131.170 346.386 950.358
230.006 381.099 442.447
449.951 627.650 965.710
246.469 124.417 202.210
908.211 661.310 292.769
835.530 882.043 866.831
940.981 258.295 773.163
471.592 862.207 745.974
795.082 671.910 181.687
558.108 1008.302 959.885
44.210 168.770 134.890
743.403 837.412 218.636
517.993 860.880 750.389
555.251 604.516 520.561
304.690 578.583 705.419
894.283 651.562 779.388
163.913 472.635 9.556
252.599 743.897 1015.613
101.558 411.130 819.273
208.932 568.407 750.665
630.769 192.537 363.914
802.603 567.528 5.355
779.255 36.159 763.631
207.340 981.067 376.771
334.778 152.461 312.939
897.690 1020.246 377.149
459.377 739.401 907.464
607.277 400.922 422.525
712.313 3.296 634.459
364.025 813.258 95.222
602.319 492.516 657.741
66.410 593.903 574.960
574.116 617.971 692.703
824.309 276.296 844.851
510.214 78.908 59.956
342.260 803.735 724.665
807.542 529.684 450.764
150.991 336.069 444.436
90.727 225.907 612.583
753.319 1022.308 955.508
657.987 431.358 651.446
804.507 121.176 419.743
859.958 393.045 585.597
601.876 188.904 370.929
342.540 26.825 24.772
851.658 279.625 530.513
305.895 963.256 265.520
439.969 893.676 862.140
190.568 821.907 469.183
494.560 136.683 82.536
745.410 508.376 447.335
747.016 783.885 162.722
624.871 138.603 769.408
672.722 979.573 70.613
58.424 288.960 267.987
252.906 928.005 255.535
278.477 777.624 460.534
795.352 66.935 499.273
34.420 64.157 928.192
142.587 545.199 420.962
355.680 921.429 22.347
679.721 986.516 573.612
959.306 53.512 428.844
266.402 748.361 1004.848
262.687 669.875 202.852
578.898 475.067 995.333
623.132 357.895 116.834
154.877 230.725 256.990
871.031 574.692 535.952
117.523 880.783 740.162
69.292 724.823 556.583
83.687 469.300 496.329
169.753 968.395 870.375
685.079 473.391 421.648
666.597 558.522 63.768
524.803 825.757 470.262
53.204 805.149 206.197
264.828 168.659 338.140
774.914 531.851 209.798
898.898 900.692 891.472
244.527 462.069 1008.629
790.541 27.819 66.770
475.066 931.041 551.631
509.760 108.005 672.543
841.834 389.550 794.227
987.624 208.657 535.890
294.029 811.883 591.456
649.812 817.064 405.474
937.052 545.822 161.746
712.601 812.300 324.364
877.752 927.891 283.550
1007.126 144.089 206.864
188.646 915.445 669.996
155.755 450.891 630.065
85.467 903.594 822.890
517.332 990.338 427.787
1007.729 683.950 649.903
169.938 903.094 437.749
166.127 12.910 573.190
540.057 736.618 911.624
81.312 749.052 191.910
878.773 838.721 553.773
727.289 321.895 482.476
841.356 470.288 366.385
506.074 848.127 343.253
177.932 729.102 845.802
103.053 245.631 145.379
356.292 461.159 766.798
666.775 635.831 360.832
861.642 482.598 1002.603
649.362 129.295 692.406
332.907 702.799 71.313
179.079 876.275 232.632
857.130 285.979 658.311
710.810 524.958 312.638
217.748 33.986 311.241
668.839 960.824 892.113
784.450 807.370 680.945
266.534 928.968 686.830
573.891 113.653 457.785
471.407 885.313 559.768
389.530 1000.244 113.378
432.690 43.033 757.662
940.110 286.758 878.942
299.231 932.629 772.057
824.225 18.439 985.918
744.111 312.065 849.300
288.278 893.700 115.282
720.574 553.675 98.851
247.699 12.702 480.018
308.496 612.718 304.372
307.117 761.030 49.298
924.564 872.718 683.832
607.459 913.718 189.778
80.864 245.258 813.648
35.502 596.794 1019.328
876.233 533.960 65.168
851.326 613.354 117.691
96.110 931.458 685.261
849.190 900.074 585.495
529.865 440.758 324.553
445.026 792.453 616.370
913.944 454.021 621.660
646.459 605.898 719.497
243.132 524.661 106.726
393.740 499.371 667.878
973.344 615.067 761.440
518.416 649.323 72.635
260.497 370.538 483.833
46.744 143.385 283.458
994.849 339.299 493.610
200.804 625.439 287.420
211.960 528.970 5.638
7.848 224.326 37.603
110.618 346.993 821.848
585.778 524.972 300.533
954.116 406.543 89.183
631.876 116.571 353.508
519.590 895.204 505.392
719.113 1016.644 134.645
281.325 404.046 431.952
420.886 929.394 731.169
622.495 316.798 843.561
977.982 840.907 1.603
651.675 52.363 263.790
60.953 618.287 703.068
117.235 393.051 467.186
377.910 123.930 429.003
769.206 72.712 82.104
363.286 964.327 684.618
694.958 370.606 607.909
10.374 651.362 935.206
627.275 894.667 741.348
123.452 924.112 68.038
546.783 145.548 11.988
432.163 302.122 497.665
591.053 44.789 125.955
572.050 351.403 746.674
667.947 865.899 709.113
440.249 689.118 281.990
313.665 807.921 457.134
817.541 842.161 878.144
938.634 441.329 326.520
596.172 380.081 615.500
722.520 704.927 383.542
170.865 440.862 146.016
911.459 354.179 158.167
26.059 661.322 652.188
348.779 73.433 419.460
318.687 693.372 620.318
373.344 223.122 1011.749
464.898 704.793 143.926
497.244 28.198 517.586
987.154 393.428 39.932
31.699 397.298 163.866
23.913 774.363 469.528
296.187 921.685 118.926
978.861 321.502 909.725
617.414 846.548 1007.629
295.327 984.203 398.829
394.764 348.556 554.401
157.845 567.001 554.706
780.187 853.658 451.012
309.589 265.559 199.295
59.031 350.667 276.734
989.611 571.094 355.612
594.399 142.537 454.701
641.264 500.631 411.421
1017.701 901.442 638.368
583.042 635.556 206.144
404.621 40.407 486.959
556.057 233.216 987.166
931.282 739.475 546.188
890.848 133.788 809.482
127.817 813.272 282.386
898.141 966.699 152.367
473.780 1004.531 495.009
884.273 602.861 384.338
292.642 208.100 780.081
395.817 523.546 504.141
591.134 886.351 1004.277
417.366 847.379 782.876
587.294 978.992 205.286
111.887 874.457 449.689
867.296 914.524 63.957
904.668 459.079 522.683
641.631 948.616 19.575
488.288 704.227 740.052
709.153 137.662 306.581
367.325 823.744 285.450
215.762 980.427 9.076
1021.769 693.065 848.353
301.690 14.659 755.578
854.164 758.248 146.279
771.510 787.377 674.345
784.503 866.224 628.331
90.731 499.331 79.513
417.324 416.877 67.594
357.192 113.662 827.633
970.433 74.052 978.038
535.118 306.755 78.707
512.639 813.584 724.057
51.431 74.651 412.542
302.377 237.962 287.749
822.766 951.530 414.825
927.858 329.212 487.871
231.454 655.847 1002.477
617.977 366.402 663.365
125.871 909.987 515.158
460.134 599.926 639.779
73.498 699.000 247.738
731.087 842.276 823.254
565.761 532.654 146.305
793.954 277.923 508.616
291.097 137.040 644.667
55.636 766.613 325.209
0.138 523.396 47.976
282.798 723.944 64.194
859.483 3.912 252.748
758.686 323.861 104.338
368.880 276.883 862.937
320.868 807.867 913.277
444.229 931.782 386.374
987.216 91.432 703.508
505.666 396.952 647.897
720.750 4.468 170.960
730.159 682.379 989.233
779.303 973.591 719.401
305.205 107.894 800.588
659.609 49.342 368.692
979.763 512.411 443.115
468.684 213.896 377.556
378.689 53.612 785.989
426.501 841.912 870.756
217.082 673.130 483.617
901.280 220.918 694.081
622.338 302.389 139.879
667.279 756.324 323.202
660.309 404.614 730.324
203.996 911.580 294.307
376.613 59.486 114.189
528.243 274.015 855.532
15.046 388.192 345.442
19.791 127.353 423.570
504.693 413.993 543.680
609.415 10.162 475.233
986.623 531.489 693.803
319.349 792.567 791.472
533.807 999.438 128.563
17.354 788.642 826.527
123.092 271.957 17.974
300.348 791.697 530.392
356.450 380.661 1.386
306.996 661.974 997.575
867.390 24.161 920.126
801.995 799.105 468.988
407.557 310.186 67.272
233.713 252.522 495.695
765.383 485.181 59.233
980.777 965.350 804.034
1015.120 557.550 985.875
77.420 374.457 230.790
200.533 144.182 637.352
800.074 592.178 150.490
830.591 651.218 397.482
690.309 266.143 353.477
939.506 297.477 481.268
911.505 724.707 63.696
150.838 8.030 646.064
458.418 137.497 980.925
542.372 247.699 512.618
695.931 78.069 281.297
826.333 470.697 559.695
443.204 44.954 169.728
456.235 214.206 51.179
863.897 1004.741 812.178
874.276 247.785 983.682
201.652 974.264 1018.695
728.804 1004.691 583.209
265.771 447.484 607.806
74.836 637.280 1004.726
194.670 811.617 929.688
966.350 983.179 533.975
1000.763 775.486 165.552
488.346 735.571 253.276
655.990 682.599 166.605
578.647 790.146 510.869
12.394 9.255 365.598
948.423 234.165 649.588
227.406 329.390 868.395
746.354 97.689 438.991
29.870 492.432 678.332
121.347 295.818 407.385
941.600 1017.093 45.989
779.272 380.645 401.877
772.367 940.469 973.751
590.974 365.692 806.450
257.025 577.612 367.184
672.390 246.168 196.191
940.277 104.247 518.101
226.153 39.864 36.883
179.427 887.573 289.258
973.270 595.581 447.093
594.011 529.099 776.987
289.276 361.524 915.553
969.171 913.980 429.515
799.094 487.768 509.481
209.592 605.317 190.603
339.522 875.551 212.046
72.866 70.664 963.363
519.087 419.238 830.340
855.886 340.164 710.265
789.630 670.362 155.233
896.904 552.033 289.252
435.434 38.473 130.936
783.920 0.012 426.563
535.050 55.946 996.432
231.552 311.499 311.237
235.947 1.509 746.849
990.050 229.677 678.960
759.702 868.788 432.772
310.201 333.102 729.724
836.382 185.973 379.844
923.587 826.054 1008.495
772.350 402.632 604.813
676.879 80.339 557.565
726.345 171.337 799.367
597.783 975.075 43.440
271.694 615.991 303.677
731.570 777.221 104.976
526.187 521.104 378.144
955.315 847.366 713.942
731.470 472.797 943.098
711.266 746.477 882.371
280.649 826.441 199.926
353.630 343.665 1002.010
877.094 717.998 744.506
575.563 969.821 508.169
389.650 166.948 805.075
752.071 393.580 25.798
859.133 11.692 720.589
993.543 448.165 240.613
721.788 836.739 559.545
990.244 52.909 516.911
735.697 883.344 183.558
819.204 565.972 406.071
134.876 886.063 161.048
317.223 297.007 892.328
